g =

 Columns 1 through 3:

  1.9661e-001  1.2360e-006  1.2360e-006
  1.9661e-001  3.7809e-007  3.7809e-007
  1.9661e-001  2.0892e-008  2.0892e-008
  1.9661e-001  3.1404e-008  3.1404e-008
  1.9661e-001  3.9557e-008  3.9557e-008
  1.9661e-001  1.9000e-007  1.9000e-007
  1.9661e-001  1.0438e-008  1.0438e-008
  1.9661e-001  8.5233e-004  8.5233e-004
  1.9661e-001  4.3663e-009  4.3663e-009
  1.9661e-001  2.0820e-007  2.0820e-007
  1.9661e-001  3.9438e-008  3.9438e-008
  1.9661e-001  3.8223e-006  3.8223e-006
  1.9661e-001  1.8488e-008  1.8488e-008
  1.9661e-001  1.7808e-004  1.7808e-004
  1.9661e-001  3.4084e-007  3.4084e-007
  1.9661e-001  2.2281e-005  2.2281e-005
  1.9661e-001  3.6293e-008  3.6293e-008
  1.9661e-001  3.7643e-007  3.7643e-007
  1.9661e-001  4.1824e-005  4.1824e-005
  1.9661e-001  1.5513e-008  1.5513e-008
  1.9661e-001  8.9190e-007  8.9190e-007
  1.9661e-001  5.5602e-006  5.5602e-006
  1.9661e-001  2.0541e-006  2.0541e-006
  1.9661e-001  5.4512e-004  5.4512e-004
  1.9661e-001  6.9460e-006  6.9460e-006
  1.9661e-001  3.1262e-006  3.1262e-006
  1.9661e-001  1.7621e-004  1.7621e-004
  1.9661e-001  5.4182e-006  5.4182e-006
  1.9661e-001  1.5560e-003  1.5560e-003
  1.9661e-001  1.2409e-005  1.2409e-005
  1.9661e-001  3.9782e-003  3.9782e-003
  1.9661e-001  3.2536e-007  3.2536e-007
  1.9661e-001  1.7812e-008  1.7812e-008
  1.9661e-001  2.3227e-006  2.3227e-006
  1.9661e-001  1.9658e-008  1.9658e-008
  1.9661e-001  1.4497e-007  1.4497e-007
  1.9661e-001  3.1267e-006  3.1267e-006
  1.9661e-001  9.9918e-007  9.9918e-007
  1.9661e-001  8.4207e-009  8.4207e-009
  1.9661e-001  1.4311e-009  1.4311e-009
  1.9661e-001  2.3479e-007  2.3479e-007
  1.9661e-001  1.4094e-006  1.4094e-006
  1.9661e-001  3.9125e-007  3.9125e-007
  1.9661e-001  3.5628e-008  3.5628e-008
  1.9661e-001  5.8967e-006  5.8967e-006
  1.9661e-001  4.0062e-007  4.0062e-007
  1.9661e-001  1.5971e-007  1.5971e-007
  1.9661e-001  1.9613e-006  1.9613e-006
  1.9661e-001  4.1020e-006  4.1020e-006
  1.9661e-001  8.4640e-005  8.4640e-005
  1.9661e-001  7.3072e-008  7.3072e-008
  1.9661e-001  1.5289e-005  1.5289e-005
  1.9661e-001  3.8547e-007  3.8547e-007
  1.9661e-001  1.1038e-005  1.1038e-005
  1.9661e-001  4.1298e-008  4.1298e-008
  1.9661e-001  4.0027e-007  4.0027e-007
  1.9661e-001  1.2588e-006  1.2588e-006
  1.9661e-001  6.7019e-007  6.7019e-007
  1.9661e-001  1.1656e-006  1.1656e-006
  1.9661e-001  2.4098e-006  2.4098e-006
  1.9661e-001  3.9040e-007  3.9040e-007
  1.9661e-001  2.3126e-007  2.3126e-007
  1.9661e-001  1.6131e-008  1.6131e-008
  1.9661e-001  6.1255e-006  6.1255e-006
  1.9661e-001  3.5300e-006  3.5300e-006
  1.9661e-001  2.3744e-006  2.3744e-006
  1.9661e-001  3.2381e-006  3.2381e-006
  1.9661e-001  1.7528e-007  1.7528e-007
  1.9661e-001  2.1371e-007  2.1371e-007
  1.9661e-001  1.3930e-006  1.3930e-006
  1.9661e-001  1.0460e-006  1.0460e-006
  1.9661e-001  1.2940e-008  1.2940e-008
  1.9661e-001  1.3664e-006  1.3664e-006
  1.9661e-001  1.1726e-007  1.1726e-007
  1.9661e-001  1.8760e-007  1.8760e-007
  1.9661e-001  3.8770e-008  3.8770e-008
  1.9661e-001  2.3528e-007  2.3528e-007
  1.9661e-001  1.2826e-006  1.2826e-006
  1.9661e-001  9.3088e-006  9.3088e-006
  1.9661e-001  2.8128e-005  2.8128e-005
  1.9661e-001  1.8683e-007  1.8683e-007
  1.9661e-001  3.9077e-008  3.9077e-008
  1.9661e-001  3.5207e-008  3.5207e-008
  1.9661e-001  4.2278e-007  4.2278e-007
  1.9661e-001  4.3425e-006  4.3425e-006
  1.9661e-001  3.9631e-007  3.9631e-007
  1.9661e-001  1.2019e-005  1.2019e-005
  1.9661e-001  4.3526e-006  4.3526e-006
  1.9661e-001  2.7782e-007  2.7782e-007
  1.9661e-001  7.3324e-006  7.3324e-006
  1.9661e-001  9.1224e-008  9.1224e-008
  1.9661e-001  2.3971e-006  2.3971e-006
  1.9661e-001  7.0852e-006  7.0852e-006
  1.9661e-001  2.0816e-005  2.0816e-005
  1.9661e-001  1.0329e-006  1.0329e-006
  1.9661e-001  2.0209e-004  2.0209e-004
  1.9661e-001  2.0210e-006  2.0210e-006
  1.9661e-001  1.2614e-005  1.2614e-005
  1.9661e-001  4.1723e-005  4.1723e-005
  1.9661e-001  2.8872e-007  2.8872e-007
  1.9661e-001  9.3104e-005  9.3104e-005
  1.9661e-001  5.6993e-005  5.6993e-005
  1.9661e-001  1.2069e-006  1.2069e-006
  1.9661e-001  1.1737e-003  1.1737e-003
  1.9661e-001  1.9063e-004  1.9063e-004
  1.9661e-001  2.5340e-007  2.5340e-007
  1.9661e-001  2.2602e-006  2.2602e-006
  1.9661e-001  3.3865e-005  3.3865e-005
  1.9661e-001  1.5831e-005  1.5831e-005
  1.9661e-001  1.4333e-003  1.4333e-003
  1.9661e-001  2.0225e-006  2.0225e-006
  1.9661e-001  3.3806e-005  3.3806e-005
  1.9661e-001  1.4739e-005  1.4739e-005
  1.9661e-001  1.7236e-006  1.7236e-006
  1.9661e-001  8.2875e-004  8.2875e-004
  1.9661e-001  4.0275e-010  4.0275e-010
  1.9661e-001  1.3158e-009  1.3158e-009
  1.9661e-001  3.8165e-010  3.8165e-010
  1.9661e-001  3.7047e-008  3.7047e-008
  1.9661e-001  2.1882e-007  2.1882e-007
  1.9661e-001  7.0137e-006  7.0137e-006
  1.9661e-001  2.0281e-006  2.0281e-006
  1.9661e-001  2.6530e-009  2.6530e-009
  1.9661e-001  2.0313e-009  2.0313e-009
  1.9661e-001  5.8290e-008  5.8290e-008
  1.9661e-001  1.0589e-010  1.0589e-010
  1.9661e-001  3.9195e-007  3.9195e-007
  1.9661e-001  5.7196e-011  5.7196e-011
  1.9661e-001  1.2906e-008  1.2906e-008
  1.9661e-001  3.1604e-010  3.1604e-010
  1.9661e-001  3.8544e-006  3.8544e-006
  1.9661e-001  2.9762e-010  2.9762e-010
  1.9661e-001  1.9495e-007  1.9495e-007
  1.9661e-001  1.4212e-006  1.4212e-006
  1.9661e-001  2.2920e-007  2.2920e-007
  1.9661e-001  8.7912e-006  8.7912e-006
  1.9661e-001  4.8891e-008  4.8891e-008
  1.9661e-001  3.1990e-008  3.1990e-008
  1.9661e-001  1.0555e-008  1.0555e-008
  1.9661e-001  1.8031e-010  1.8031e-010
  1.9661e-001  8.2338e-008  8.2338e-008
  1.9661e-001  4.7632e-007  4.7632e-007
  1.9661e-001  3.9252e-007  3.9252e-007
  1.9661e-001  8.8100e-009  8.8100e-009
  1.9661e-001  4.8004e-005  4.8004e-005
  1.9661e-001  1.1777e-005  1.1777e-005
  1.9661e-001  2.4691e-007  2.4691e-007
  1.9661e-001  2.9349e-008  2.9349e-008
  1.9661e-001  1.2188e-004  1.2188e-004
  1.9661e-001  1.4025e-005  1.4025e-005
  1.9661e-001  1.4112e-005  1.4112e-005
  1.9661e-001  7.3863e-007  7.3863e-007
  1.9661e-001  2.4662e-006  2.4662e-006
  1.9661e-001  2.0579e-005  2.0579e-005
  1.9661e-001  1.0751e-005  1.0751e-005
  1.9661e-001  1.3588e-006  1.3588e-006
  1.9661e-001  8.4742e-008  8.4742e-008
  1.9661e-001  1.0115e-008  1.0115e-008
  1.9661e-001  1.8330e-006  1.8330e-006
  1.9661e-001  2.3135e-007  2.3135e-007
  1.9661e-001  3.0239e-008  3.0239e-008
  1.9661e-001  9.3745e-009  9.3745e-009
  1.9661e-001  2.9281e-007  2.9281e-007
  1.9661e-001  8.1046e-007  8.1046e-007
  1.9661e-001  1.3825e-006  1.3825e-006
  1.9661e-001  7.2702e-007  7.2702e-007
  1.9661e-001  1.4052e-005  1.4052e-005
  1.9661e-001  3.7785e-006  3.7785e-006
  1.9661e-001  9.9514e-007  9.9514e-007
  1.9661e-001  2.1992e-005  2.1992e-005
  1.9661e-001  1.4304e-005  1.4304e-005
  1.9661e-001  6.3617e-005  6.3617e-005
  1.9661e-001  6.8368e-006  6.8368e-006
  1.9661e-001  5.6956e-008  5.6956e-008
  1.9661e-001  5.8968e-008  5.8968e-008
  1.9661e-001  1.4703e-007  1.4703e-007
  1.9661e-001  4.9920e-006  4.9920e-006
  1.9661e-001  1.8385e-003  1.8385e-003
  1.9661e-001  3.3763e-008  3.3763e-008
  1.9661e-001  2.1633e-008  2.1633e-008
  1.9661e-001  2.5504e-004  2.5504e-004
  1.9661e-001  9.2233e-009  9.2233e-009
  1.9661e-001  2.2755e-004  2.2755e-004
  1.9661e-001  5.5114e-008  5.5114e-008
  1.9661e-001  1.6604e-009  1.6604e-009
  1.9661e-001  8.5240e-007  8.5240e-007
  1.9661e-001  2.6715e-007  2.6715e-007
  1.9661e-001  1.7795e-011  1.7795e-011
  1.9661e-001  1.1274e-009  1.1274e-009
  1.9661e-001  1.2657e-008  1.2657e-008
  1.9661e-001  5.9457e-011  5.9457e-011
  1.9661e-001  4.2548e-010  4.2548e-010
  1.9661e-001  4.5278e-007  4.5278e-007
  1.9661e-001  1.4789e-005  1.4789e-005
  1.9661e-001  3.7355e-005  3.7355e-005
  1.9661e-001  4.4542e-010  4.4542e-010
  1.9661e-001  3.7932e-007  3.7932e-007
  1.9661e-001  2.2548e-006  2.2548e-006
  1.9661e-001  4.9002e-008  4.9002e-008
  1.9661e-001  4.9792e-007  4.9792e-007
  1.9661e-001  8.3730e-008  8.3730e-008
  1.9661e-001  1.5553e-006  1.5553e-006
  1.9661e-001  1.8006e-007  1.8006e-007
  1.9661e-001  1.7947e-007  1.7947e-007
  1.9661e-001  2.2080e-007  2.2080e-007
  1.9661e-001  3.9283e-007  3.9283e-007
  1.9661e-001  2.6935e-008  2.6935e-008
  1.9661e-001  2.1744e-007  2.1744e-007
  1.9661e-001  6.7811e-008  6.7811e-008
  1.9661e-001  5.9483e-006  5.9483e-006
  1.9661e-001  1.4316e-007  1.4316e-007
  1.9661e-001  1.9532e-007  1.9532e-007
  1.9661e-001  7.8970e-008  7.8970e-008
  1.9661e-001  8.2640e-008  8.2640e-008
  1.9661e-001  1.2732e-007  1.2732e-007
  1.9661e-001  7.9865e-007  7.9865e-007
  1.9661e-001  5.2238e-004  5.2238e-004
  1.9661e-001  1.2819e-006  1.2819e-006
  1.9661e-001  1.2197e-007  1.2197e-007
  1.9661e-001  6.9290e-008  6.9290e-008
  1.9661e-001  4.4665e-005  4.4665e-005
  1.9661e-001  8.2748e-005  8.2748e-005
  1.9661e-001  2.5788e-007  2.5788e-007
  1.9661e-001  2.8701e-006  2.8701e-006
  1.9661e-001  1.3728e-006  1.3728e-006
  1.9661e-001  1.6904e-006  1.6904e-006
  1.9661e-001  1.3010e-004  1.3010e-004
  1.9661e-001  4.1096e-008  4.1096e-008
  1.9661e-001  6.9447e-008  6.9447e-008
  1.9661e-001  7.8528e-005  7.8528e-005
  1.9661e-001  1.0575e-006  1.0575e-006
  1.9661e-001  6.9630e-007  6.9630e-007
  1.9661e-001  1.9081e-007  1.9081e-007
  1.9661e-001  3.4323e-007  3.4323e-007
  1.9661e-001  3.4452e-006  3.4452e-006
  1.9661e-001  5.2215e-008  5.2215e-008
  1.9661e-001  5.6895e-005  5.6895e-005
  1.9661e-001  2.4124e-007  2.4124e-007
  1.9661e-001  1.9638e-006  1.9638e-006
  1.9661e-001  8.2420e-006  8.2420e-006
  1.9661e-001  1.1671e-008  1.1671e-008
  1.9661e-001  1.4602e-006  1.4602e-006
  1.9661e-001  3.4541e-007  3.4541e-007
  1.9661e-001  1.8195e-006  1.8195e-006
  1.9661e-001  2.2990e-009  2.2990e-009
  1.9661e-001  1.1926e-007  1.1926e-007
  1.9661e-001  5.2465e-007  5.2465e-007
  1.9661e-001  9.6607e-008  9.6607e-008
  1.9661e-001  3.1652e-004  3.1652e-004
  1.9661e-001  5.8857e-007  5.8857e-007
  1.9661e-001  7.4127e-007  7.4127e-007
  1.9661e-001  2.0373e-007  2.0373e-007
  1.9661e-001  1.5848e-007  1.5848e-007
  1.9661e-001  5.9118e-007  5.9118e-007
  1.9661e-001  1.6497e-005  1.6497e-005
  1.9661e-001  4.4962e-007  4.4962e-007
  1.9661e-001  1.0304e-007  1.0304e-007
  1.9661e-001  3.7539e-005  3.7539e-005
  1.9661e-001  1.0260e-005  1.0260e-005
  1.9661e-001  2.7987e-006  2.7987e-006
  1.9661e-001  1.2447e-004  1.2447e-004
  1.9661e-001  2.5136e-004  2.5136e-004
  1.9661e-001  1.7866e-006  1.7866e-006
  1.9661e-001  1.2133e-006  1.2133e-006
  1.9661e-001  2.9858e-007  2.9858e-007
  1.9661e-001  2.0159e-005  2.0159e-005
  1.9661e-001  9.9071e-008  9.9071e-008
  1.9661e-001  7.4494e-005  7.4494e-005
  1.9661e-001  1.4340e-004  1.4340e-004
  1.9661e-001  3.3920e-005  3.3920e-005
  1.9661e-001  2.6813e-009  2.6813e-009
  1.9661e-001  8.3928e-006  8.3928e-006
  1.9661e-001  8.2566e-006  8.2566e-006
  1.9661e-001  6.4546e-006  6.4546e-006
  1.9661e-001  2.6086e-005  2.6086e-005
  1.9661e-001  1.1771e-007  1.1771e-007
  1.9661e-001  8.2452e-008  8.2452e-008
  1.9661e-001  5.3900e-009  5.3900e-009
  1.9661e-001  6.9246e-007  6.9246e-007
  1.9661e-001  2.5481e-007  2.5481e-007
  1.9661e-001  3.3535e-005  3.3535e-005
  1.9661e-001  6.9374e-006  6.9374e-006
  1.9661e-001  5.9792e-006  5.9792e-006
  1.9661e-001  1.0313e-005  1.0313e-005
  1.9661e-001  5.3292e-007  5.3292e-007
  1.9661e-001  2.7401e-006  2.7401e-006
  1.9661e-001  1.6935e-005  1.6935e-005
  1.9661e-001  3.9090e-006  3.9090e-006
  1.9661e-001  1.5089e-006  1.5089e-006
  1.9661e-001  4.4820e-005  4.4820e-005
  1.9661e-001  4.8479e-007  4.8479e-007
  1.9661e-001  5.1206e-007  5.1206e-007
  1.9661e-001  2.0678e-005  2.0678e-005
  1.9661e-001  1.0680e-005  1.0680e-005
  1.9661e-001  4.4509e-009  4.4509e-009
  1.9661e-001  6.9556e-006  6.9556e-006
  1.9661e-001  3.5060e-006  3.5060e-006
  1.9661e-001  2.8840e-006  2.8840e-006
  1.9661e-001  3.4889e-006  3.4889e-006
  1.9661e-001  8.9332e-007  8.9332e-007
  1.9661e-001  8.2552e-007  8.2552e-007
  1.9661e-001  2.6113e-006  2.6113e-006
  1.9661e-001  5.9827e-007  5.9827e-007
  1.9661e-001  5.2843e-007  5.2843e-007
  1.9661e-001  5.7749e-008  5.7749e-008
  1.9661e-001  4.1040e-008  4.1040e-008
  1.9661e-001  1.1971e-008  1.1971e-008
  1.9661e-001  3.2145e-007  3.2145e-007
  1.9661e-001  1.6253e-007  1.6253e-007
  1.9661e-001  1.9503e-008  1.9503e-008
  1.9661e-001  6.1174e-009  6.1174e-009
  1.9661e-001  1.6463e-007  1.6463e-007
  1.9661e-001  6.1961e-008  6.1961e-008
  1.9661e-001  3.3466e-008  3.3466e-008
  1.9661e-001  1.8659e-006  1.8659e-006
  1.9661e-001  7.1230e-008  7.1230e-008
  1.9661e-001  1.8247e-006  1.8247e-006
  1.9661e-001  3.6313e-007  3.6313e-007
  1.9661e-001  4.3604e-006  4.3604e-006
  1.9661e-001  1.2734e-006  1.2734e-006
  1.9661e-001  3.0899e-005  3.0899e-005
  1.9661e-001  6.5008e-008  6.5008e-008
  1.9661e-001  4.0175e-005  4.0175e-005
  1.9661e-001  5.9756e-006  5.9756e-006
  1.9661e-001  6.3558e-007  6.3558e-007
  1.9661e-001  5.6988e-006  5.6988e-006
  1.9661e-001  9.9675e-006  9.9675e-006
  1.9661e-001  9.8953e-007  9.8953e-007
  1.9661e-001  2.2900e-006  2.2900e-006
  1.9661e-001  1.2111e-005  1.2111e-005
  1.9661e-001  5.8605e-008  5.8605e-008
  1.9661e-001  2.0393e-006  2.0393e-006
  1.9661e-001  6.0906e-008  6.0906e-008
  1.9661e-001  1.9709e-007  1.9709e-007
  1.9661e-001  1.0110e-006  1.0110e-006
  1.9661e-001  1.0335e-006  1.0335e-006
  1.9661e-001  1.1668e-006  1.1668e-006
  1.9661e-001  5.3799e-007  5.3799e-007
  1.9661e-001  1.7528e-008  1.7528e-008
  1.9661e-001  3.2299e-008  3.2299e-008
  1.9661e-001  5.0363e-008  5.0363e-008
  1.9661e-001  1.8409e-004  1.8409e-004
  1.9661e-001  4.1421e-008  4.1421e-008
  1.9661e-001  3.8926e-007  3.8926e-007
  1.9661e-001  3.0578e-007  3.0578e-007
  1.9661e-001  1.4004e-005  1.4004e-005
  1.9661e-001  2.0118e-005  2.0118e-005
  1.9661e-001  4.0168e-007  4.0168e-007
  1.9661e-001  5.3794e-007  5.3794e-007
  1.9661e-001  5.7233e-007  5.7233e-007
  1.9661e-001  1.3064e-006  1.3064e-006
  1.9661e-001  1.7271e-005  1.7271e-005
  1.9661e-001  1.0674e-005  1.0674e-005
  1.9661e-001  1.3735e-007  1.3735e-007
  1.9661e-001  3.9331e-007  3.9331e-007
  1.9661e-001  1.6952e-007  1.6952e-007
  1.9661e-001  1.1993e-007  1.1993e-007
  1.9661e-001  4.9186e-009  4.9186e-009
  1.9661e-001  3.3713e-004  3.3713e-004
  1.9661e-001  3.1413e-007  3.1413e-007
  1.9661e-001  2.1188e-007  2.1188e-007
  1.9661e-001  3.9552e-007  3.9552e-007
  1.9661e-001  1.2491e-007  1.2491e-007
  1.9661e-001  1.9484e-004  1.9484e-004
  1.9661e-001  1.7970e-006  1.7970e-006
  1.9661e-001  7.9824e-007  7.9824e-007
  1.9661e-001  2.3611e-006  2.3611e-006
  1.9661e-001  2.0663e-005  2.0663e-005
  1.9661e-001  2.3568e-007  2.3568e-007
  1.9661e-001  1.2488e-005  1.2488e-005
  1.9661e-001  3.4851e-004  3.4851e-004
  1.9661e-001  1.8403e-004  1.8403e-004
  1.9661e-001  7.7282e-007  7.7282e-007
  1.9661e-001  3.6924e-005  3.6924e-005
  1.9661e-001  2.8385e-006  2.8385e-006
  1.9661e-001  1.2408e-007  1.2408e-007
  1.9661e-001  1.7251e-005  1.7251e-005
  1.9661e-001  5.2217e-006  5.2217e-006
  1.9661e-001  1.0249e-005  1.0249e-005
  1.9661e-001  1.8475e-008  1.8475e-008
  1.9661e-001  6.7349e-006  6.7349e-006
  1.9661e-001  7.2076e-006  7.2076e-006
  1.9661e-001  2.0341e-007  2.0341e-007
  1.9661e-001  4.7382e-008  4.7382e-008
  1.9661e-001  5.3917e-008  5.3917e-008
  1.9661e-001  1.3277e-006  1.3277e-006
  1.9661e-001  1.0511e-007  1.0511e-007
  1.9661e-001  1.5329e-007  1.5329e-007
  1.9661e-001  1.6385e-005  1.6385e-005
  1.9661e-001  2.4583e-005  2.4583e-005
  1.9661e-001  6.1703e-008  6.1703e-008
  1.9661e-001  2.7437e-009  2.7437e-009
  1.9661e-001  5.0947e-007  5.0947e-007
  1.9661e-001  1.6756e-008  1.6756e-008
  1.9661e-001  5.3106e-007  5.3106e-007
  1.9661e-001  1.1509e-007  1.1509e-007
  1.9661e-001  4.3303e-012  4.3303e-012
  1.9661e-001  1.5166e-008  1.5166e-008
  1.9661e-001  1.3322e-005  1.3322e-005
  1.9661e-001  6.7858e-006  6.7858e-006
  1.9661e-001  1.4486e-006  1.4486e-006
  1.9661e-001  1.5963e-007  1.5963e-007
  1.9661e-001  7.1449e-008  7.1449e-008
  1.9661e-001  2.2227e-008  2.2227e-008
  1.9661e-001  3.9859e-009  3.9859e-009
  1.9661e-001  7.8821e-007  7.8821e-007
  1.9661e-001  3.9040e-005  3.9040e-005
  1.9661e-001  2.4182e-007  2.4182e-007
  1.9661e-001  1.0725e-006  1.0725e-